96
2 216
20 207
36 193
50 176
62 159
70 145
78 128
85 111
95 89
114 72
131 68
154 65
182 60
207 65
227 72
242 91
250 106
253 123
253 146
252 165
244 185
230 205
220 222
199 236
180 249
164 258
144 271
120 287
101 300
81 317
67 336
55 355
47 379
45 395
40 414
39 429
40 452
40 477
44 499
53 524
67 538
85 552
108 558
131 563
160 566
186 560
210 539
222 501
214 472
201 443
187 417
182 388
196 368
230 347
260 339
288 338
316 362
332 403
342 433
352 462
352 492
368 515
388 531
414 537
455 539
493 536
518 522
535 499
535 468
525 436
499 412
469 385
444 359
420 345
393 315
377 286
371 247
367 217
366 187
364 158
366 126
383 99
411 81
445 76
477 83
500 101
511 128
515 143
514 166
523 198
533 225
541 249
557 274
573 291
585 306
597 317
